3
3
0.0000000000  611.6157225201  648.7500617289
611.6157225201  0.0000000000  743.8557967501
648.7500617289  743.8557967501  0.0000000000
4
0.0000000000  326.0008994586  503.1066076077  290.0250922998
326.0008994586  0.0000000000  225.1785728436  395.4019367384
503.1066076077  225.1785728436  0.0000000000  620.3945520632
290.0250922998  395.4019367384  620.3945520632  0.0000000000
8
0.0000000000 583.6148530169 840.7827256437 872.9038568553 127.4630209093 312.1081610732 726.8224753099 89.0380209726
583.6148530169 0.0000000000 469.5209369387 992.2041697391 937.3466917022 706.9851759388 68.0494075958 466.9476153641
840.7827256437 469.5209369387 0.0000000000 798.9871202963 923.5693723539 255.9277882129 139.2735741750 970.6744677251
872.9038568553 992.2041697391 798.9871202963 0.0000000000 535.7531893699 350.4435654499 159.0177794728 580.6143966413
127.4630209093 937.3466917022 923.5693723539 535.7531893699 0.0000000000 17.3375546082 262.7304220864 736.6005036685
312.1081610732 706.9851759388 255.9277882129 350.4435654499 17.3375546082 0.0000000000 378.5676650603 595.1593651414
726.8224753099 68.0494075958 139.2735741750 159.0177794728 262.7304220864 378.5676650603 0.0000000000 583.0571132633
89.0380209726 466.9476153641 970.6744677251 580.6143966413 736.6005036685 595.1593651414 583.0571132633 0.0000000000